# 3-beat patterns
0, 1, 2
0, 1, 2
0, 1, 2
0, 2, 3
0, 2, 3
0, 1, 3
0, 1, 3
0, 1.5, 3
0, 0.5, 3
0, 0.5, 1

# 4-beat patterns
0, 1, 2, 3
0, 0.5, 1.5, 3
0, 1, 1.5, 2.5
0, 1.5, 2, 3.5
0, 1, 2, 3.5
0, 0.75, 1.5, 3
0, 1, 2.5, 3.5
0, 0.5, 2, 3
0, 1.25, 2.5, 3.75
0, 1, 2.5, 3

# 5-beat patterns
0, 0.75, 1.5, 2.25, 3
0, 1, 1.5, 2, 2.75
0, 0.5, 1, 1.5, 2
0, 1, 2, 2.5, 3.5
0, 0.5, 1.5, 2, 3
0, 1, 1.75, 2.5, 3
0, 0.5, 1.5, 2.5, 3.5
0, 0.75, 1.5, 2.5, 3.25
0, 1.25, 2, 2.75, 3.5
0, 1, 1.5, 2.5, 3.25

# 6-beat patterns
0, 0.5, 1, 1.5, 2, 2.5
0, 0.75, 1.5, 2.25, 3, 3.5
0, 0.5, 1.5, 2, 2.5, 3.5
0, 1, 1.5, 2, 2.5, 3
0, 1, 1.5, 2, 3, 3.5
0, 0.75, 1.5, 2.25, 2.75, 3.25
0, 0.5, 1.5, 2, 3, 3.5
0, 0.75, 1.5, 2.25, 3, 3.25
0, 0.5, 1.25, 2, 2.75, 3.5
0, 1, 1.5, 2.5, 3, 3.5

# 7-beat patterns
0, 0.5, 1, 1.5, 2, 2.5, 3
0, 0.75, 1.5, 2.25, 3, 3.5, 3.75
0, 0.5, 1.25, 2, 2.5, 3, 3.5
0, 1, 1.5, 2, 2.5, 3, 3.25
0, 0.75, 1.5, 2.25, 2.75, 3.25, 3.75
0, 0.5, 1, 1.5, 2, 2.5, 3.5
0, 1, 1.5, 2, 2.5, 3, 3.5
0, 0.75, 1.5, 2.25, 3, 3.5, 3.75
0, 0.5, 1.25, 2, 2.75, 3.5, 3.75
0, 1, 1.5, 2, 2.5, 3, 3.25
